USE smart_route;
DROP TABLE IF EXISTS routes;
DROP TABLE IF EXISTS cities;
CREATE TABLE cities (
    id INT PRIMARY KEY,
    name VARCHAR(50)
);
CREATE TABLE routes (
    source INT,
    destination INT,
    distance INT
);
INSERT INTO cities (id, name) VALUES
(0,'Delhi'),(1,'Gurgaon'),(2,'Noida'),(3,'Agra'),(4,'Jaipur'),
(5,'Lucknow'),(6,'Kanpur'),(7,'Varanasi'),(8,'Prayagraj'),(9,'Dehradun'),
(10,'Chandigarh'),(11,'Amritsar'),(12,'Ludhiana'),(13,'Jalandhar'),(14,'Shimla'),
(15,'Mumbai'),(16,'Pune'),(17,'Nagpur'),(18,'Bhopal'),(19,'Indore'),
(20,'Ahmedabad'),(21,'Surat'),(22,'Vadodara'),(23,'Udaipur'),(24,'Kota');

INSERT INTO routes (source, destination, distance) VALUES
(0,1,3),(0,2,2),(0,3,5),(0,4,6),(0,9,3),
(1,0,3),(1,4,5),(1,2,2),(1,3,5),(1,5,4),(1,10,6),
(2,0,2),(2,3,4),(2,1,2),(2,5,4),
(3,2,4),(3,5,6),(3,18,8),(3,0,2),(3,1,3),(3,4,4),(3,8,3),(3,13,3),(3,24,5),
(4,1,5),(4,20,8),(4,3,3),(4,8,2),(4,23,2),(4,16,1),(4,0,3),(4,9,6),
(5,3,6),(5,6,3),(5,2,4),
(6,5,3),(6,7,4),(6,8,5),
(7,8,3),(7,6,4),
(8,6,4),(8,7,3),(8,3,2),(8,13,5),(8,4,2),(8,12,3),(8,17,6),
(9,0,6),(9,10,4),(9,14,6),(9,4,6),
(10,9,4),(10,11,3),(10,1,6),
(11,10,3),(11,12,3),
(12,11,3),(12,13,2),(12,8,2),(12,16,3),
(13,12,2),(13,14,4),(13,8,3),(13,18,4),(13,3,2),
(14,13,5),(14,9,6),
(15,16,1),(15,20,6),(15,19,7),(15,18,3),
(16,15,1),(16,17,5),(16,12,3),(16,20,4),(16,18,3),(16,4,3),
(17,16,5),(17,18,4),(17,8,6),
(18,17,4),(18,19,6),(18,3,8),(18,13,4),(18,16,1),(18,15,3),
(19,18,2),(19,22,4),(19,15,7),
(20,15,6),(20,21,2),(20,4,8),(20,16,4),(20,23,7),
(21,20,2),(21,22,2),(21,23,4),
(22,21,2),(22,19,4),(22,23,1),
(23,4,6),(23,24,3),(23,20,7),(23,22,3),(23,21,4),
(24,23,3),(24,3,5);
